  M  A  L  L  V  H  F  L  P  L  L  A  L  L  A  L  W  E  P  K  P  T  Q  A  F  V  K  Q  H  L  C  G  P  H  L  V  E  A  L  Y  L  V  C  G  E  R  G  F  F  Y  T  P  K  S  R  R  E  V  E  D
M 38 36 36 36 36 35 35 35 34 33 32 31 30 29 28 27 27 27 27 27 26 25 25 24 24 23 23 23 22 21 21 21 20 19 18 17 17 16 15 15 14 13 12 11 10 09 08 08 08 08 07 06 06 05 04 03 03 02 01 00
A 36 37 36 36 36 35 35 35 34 33 32 32 30 29 29 27 27 27 27 27 26 25 25 25 24 23 23 23 22 21 21 21 20 19 18 17 17 17 15 15 14 13 12 11 10 09 08 08 08 08 07 06 06 05 04 03 03 02 01 00
P 36 36 36 36 36 35 35 34 35 33 32 31 30 29 28 27 26 26 27 26 27 25 25 24 24 23 23 23 22 21 21 20 21 19 18 17 17 16 15 15 14 13 12 11 10 09 08 08 08 08 07 07 06 05 04 03 03 02 01 00
W 36 36 36 36 36 35 35 34 34 33 32 31 30 29 28 27 27 26 26 26 26 25 25 24 24 23 23 23 22 21 21 20 20 19 18 17 17 16 15 15 14 13 12 11 10 09 08 08 08 08 07 06 06 05 04 03 03 02 01 00
M 37 36 36 36 36 35 35 34 34 33 32 31 30 29 28 27 26 26 26 26 26 25 25 24 24 23 23 23 22 21 21 20 20 19 18 17 17 16 15 15 14 13 12 11 10 09 08 08 08 08 07 06 06 05 04 03 03 02 01 00
H 36 36 35 35 35 36 35 34 34 33 32 31 30 29 28 27 26 26 26 26 26 25 25 24 24 23 23 22 23 21 21 20 19 20 18 17 17 16 15 15 14 13 12 11 10 09 08 08 08 08 07 06 06 05 04 03 03 02 01 00
L 35 35 36 35 34 34 34 35 34 34 33 31 31 30 28 28 26 26 26 26 26 25 25 24 24 23 23 22 22 22 21 20 19 19 19 17 17 16 16 15 15 13 12 11 10 09 08 08 08 08 07 06 06 05 04 03 03 02 01 00
L 34 34 35 35 33 33 33 34 33 34 33 31 31 30 28 28 26 26 26 26 26 25 25 24 24 23 23 22 22 22 21 20 19 18 19 17 17 16 16 15 15 13 12 11 10 09 08 08 08 08 07 06 06 05 04 03 03 02 01 00
T 34 34 34 34 33 33 33 33 33 33 32 31 30 29 28 27 26 26 26 26 25 26 25 24 24 23 23 22 22 21 21 20 19 18 18 17 17 16 15 15 14 13 12 11 10 09 08 08 08 07 08 06 06 05 04 03 03 02 01 00
V 33 33 33 33 34 33 33 33 33 33 32 31 30 29 28 27 26 26 26 26 25 25 25 24 24 24 23 22 22 21 21 20 19 18 17 18 17 16 15 15 14 14 12 11 10 09 08 08 08 07 07 06 06 05 04 03 03 03 01 00
L 32 32 33 33 32 32 32 33 32 33 33 31 31 30 28 28 26 26 26 26 25 25 25 24 24 23 23 22 22 22 21 20 19 18 18 17 17 16 16 15 15 13 12 11 10 09 08 08 08 07 07 06 06 05 04 03 03 02 01 00
A 31 32 31 31 31 31 31 31 31 31 31 32 30 29 29 27 26 26 26 26 25 25 25 25 24 23 23 22 22 21 21 20 19 18 17 17 17 17 15 15 14 13 12 11 10 09 08 08 08 07 07 06 06 05 04 03 03 02 01 00
L 30 30 31 31 30 30 30 31 30 31 31 30 31 30 28 28 26 26 26 26 25 25 25 24 24 23 23 22 22 22 21 20 19 18 18 17 17 16 16 15 15 13 12 11 10 09 08 08 08 07 07 06 06 05 04 03 03 02 01 00
L 29 29 30 30 29 29 29 30 29 30 30 29 30 30 28 28 26 26 26 26 25 25 25 24 24 23 23 22 22 22 21 20 19 18 18 17 17 16 16 15 15 13 12 11 10 09 08 08 08 07 07 06 06 05 04 03 03 02 01 00
A 28 29 28 28 28 28 28 28 28 28 28 29 28 28 29 27 26 26 26 26 25 25 24 25 24 23 23 22 22 21 21 20 19 18 17 16 16 17 15 15 14 13 12 11 10 09 08 08 08 07 07 06 06 05 04 03 03 02 01 00
L 27 27 28 28 27 27 27 28 27 28 28 27 28 28 27 28 26 26 26 26 25 25 24 24 24 23 23 22 21 22 21 20 19 18 18 16 16 15 16 14 15 13 12 11 10 09 08 08 08 07 07 06 06 05 04 03 03 02 01 00
W 26 26 26 26 26 26 26 26 26 26 26 26 26 26 26 26 27 26 26 26 25 25 24 24 24 23 23 22 21 21 21 20 19 18 17 16 16 15 15 14 14 13 12 11 10 09 08 08 08 07 07 06 06 05 04 03 03 02 01 00
G 26 26 26 26 26 26 26 26 26 26 26 26 26 26 26 26 26 26 26 26 25 25 24 24 24 23 23 22 21 20 20 21 19 18 17 16 16 15 15 14 14 13 12 12 10 09 09 08 08 07 07 06 06 05 04 03 03 02 01 00
P 26 26 26 26 25 25 25 25 26 25 25 25 25 25 25 25 25 25 26 25 26 25 24 24 24 23 23 22 21 20 19 19 20 18 17 16 16 15 15 14 14 13 12 11 10 09 08 08 08 07 06 07 06 05 04 03 03 02 01 00
N 26 26 26 26 25 25 25 25 25 25 25 25 25 25 25 25 25 25 25 25 25 25 24 24 24 23 23 22 21 20 19 19 19 18 17 16 16 15 15 14 14 13 12 11 10 09 08 08 08 07 06 06 06 05 04 03 03 02 01 00
S 26 26 26 26 25 25 25 25 25 25 25 25 25 25 25 25 25 25 25 25 25 25 24 24 24 23 23 22 21 20 19 19 19 18 17 16 16 15 15 14 14 13 12 11 10 09 08 08 08 07 06 06 06 06 04 03 03 02 01 00
V 25 25 25 25 26 25 25 25 25 25 25 25 25 25 25 25 25 25 25 25 25 25 24 23 23 24 23 22 21 20 19 19 19 18 17 17 16 15 15 14 13 14 12 11 10 09 08 08 08 07 06 06 06 05 04 03 03 03 01 00
Q 24 24 24 24 24 24 24 24 24 24 24 24 24 24 24 24 24 24 24 24 24 24 25 23 23 23 23 23 21 20 19 19 19 18 17 16 16 15 15 14 13 13 12 11 10 09 08 08 08 07 06 06 06 05 04 03 03 02 01 00
A 23 24 23 23 23 23 23 23 23 23 23 24 23 23 24 23 23 23 23 23 23 23 23 24 23 23 23 22 21 20 19 19 19 18 17 16 15 16 15 14 13 13 12 11 10 09 08 08 08 07 06 06 06 05 04 03 03 02 01 00
Y 23 23 23 23 23 23 23 23 23 23 23 23 23 23 23 23 23 23 23 23 23 23 23 23 23 23 23 22 21 20 19 19 19 18 17 16 15 15 14 15 13 13 12 11 10 09 08 08 08 08 06 06 06 05 04 03 03 02 01 00
S 23 23 23 23 23 23 23 23 23 23 23 23 23 23 23 23 23 23 23 23 23 23 23 23 23 23 23 22 21 20 19 19 19 18 17 16 15 15 14 14 13 13 12 11 10 09 08 08 08 07 06 06 06 06 04 03 03 02 01 00
S 23 23 23 23 23 23 23 23 23 23 23 23 23 23 23 23 23 23 23 23 23 23 23 23 23 23 23 22 21 20 19 19 19 18 17 16 15 15 14 14 13 13 12 11 10 09 08 08 08 07 06 06 06 06 04 03 03 02 01 00
Q 22 22 22 22 22 22 22 22 22 22 22 22 22 22 22 22 22 22 22 22 22 22 23 22 22 22 22 23 21 20 19 19 19 18 17 16 15 15 14 14 13 13 12 11 10 09 08 08 08 07 06 06 06 05 04 03 03 02 01 00
H 21 21 21 21 21 22 21 21 21 21 21 21 21 21 21 21 21 21 21 21 21 21 21 21 21 21 21 21 22 20 19 18 18 19 17 16 15 15 14 14 13 13 12 11 10 09 08 08 08 07 06 06 06 05 04 03 03 02 01 00
L 20 20 21 21 20 20 20 21 20 21 21 20 21 21 20 21 20 20 20 20 20 20 20 20 20 20 20 20 20 21 19 18 18 18 18 16 15 14 15 14 14 13 12 11 10 09 08 08 08 07 06 06 06 05 04 03 03 02 01 00
C 19 19 19 19 19 19 19 19 19 19 19 19 19 19 19 19 19 19 19 19 19 19 19 19 19 19 19 19 19 19 20 18 18 18 17 16 15 14 14 14 13 12 13 11 10 09 08 08 08 07 06 06 06 05 04 03 03 02 01 00
G 18 18 18 18 18 18 18 18 18 18 18 18 18 18 18 18 18 18 18 18 18 18 18 18 18 18 18 18 18 18 18 19 18 18 17 16 15 14 14 14 13 12 11 12 10 09 09 08 08 07 06 06 06 05 04 03 03 02 01 00
S 18 18 18 18 18 18 18 18 18 18 18 18 18 18 18 18 18 18 18 18 18 18 18 18 18 18 18 18 18 18 18 18 18 18 17 16 15 14 14 14 13 12 11 11 10 09 08 08 08 07 06 06 06 06 04 03 03 02 01 00
N 18 18 18 18 18 18 18 18 18 18 18 18 18 18 18 18 18 18 18 18 18 18 18 18 18 18 18 18 18 18 18 18 18 18 17 16 15 14 14 14 13 12 11 11 10 09 08 08 08 07 06 06 06 05 04 03 03 02 01 00
L 17 17 18 18 17 17 17 18 17 18 18 17 18 18 17 18 17 17 17 17 17 17 17 17 17 17 17 17 17 18 17 17 17 17 18 16 15 14 14 13 14 12 11 11 10 09 08 08 08 07 06 06 06 05 04 03 03 02 01 00
V 16 16 16 16 17 16 16 16 16 16 16 16 16 16 16 16 16 16 16 16 16 16 16 16 16 17 16 16 16 16 16 16 16 16 16 17 15 14 13 13 12 13 11 11 10 09 08 08 08 07 06 06 06 05 04 03 02 03 01 00
E 15 15 15 15 15 15 15 15 15 15 15 15 15 15 15 15 15 16 15 15 15 15 15 15 15 15 15 15 15 15 15 15 15 15 15 15 16 14 13 13 12 12 11 10 11 09 08 08 08 07 06 06 06 05 04 03 03 02 02 00
A 14 15 14 14 14 14 14 14 14 14 14 15 14 14 15 14 14 14 14 14 14 14 14 15 14 14 14 14 14 14 14 14 14 14 14 14 14 15 13 13 12 12 11 10 10 09 08 08 08 07 06 06 06 05 04 03 02 02 01 00
L 13 13 14 14 13 13 13 14 13 14 14 13 14 14 13 14 13 13 13 13 13 13 13 13 13 13 13 13 13 14 13 13 13 13 14 13 13 13 14 12 13 12 11 10 10 09 08 08 08 07 06 06 06 05 04 03 02 02 01 00
Y 13 13 13 13 13 13 13 13 13 13 13 13 13 13 13 13 13 13 13 13 13 12 12 12 12 12 12 12 12 12 12 12 12 12 12 12 12 12 12 13 12 12 11 10 10 09 08 08 07 08 06 06 06 05 04 03 02 02 01 00
M 14 13 13 13 13 13 13 13 13 13 13 13 13 13 13 13 13 13 13 13 13 12 12 12 12 12 12 12 12 12 12 12 12 12 12 12 12 12 12 12 12 12 11 10 10 09 08 08 07 07 06 06 06 05 04 03 02 02 01 00
T 12 12 12 12 12 12 12 12 12 12 12 12 12 12 12 12 12 12 12 12 12 13 12 12 12 12 12 12 12 12 12 12 12 12 12 12 12 12 12 12 12 12 11 10 10 09 08 08 07 06 07 06 06 05 04 03 02 02 01 00
C 11 11 11 11 11 11 11 11 11 11 11 11 11 11 11 11 11 11 11 11 11 11 11 11 11 11 11 11 11 11 12 11 11 11 11 11 11 11 11 11 11 11 12 10 10 09 08 08 07 06 06 06 06 05 04 03 02 02 01 00
G 10 10 10 10 10 10 10 10 10 10 10 10 10 10 10 10 10 10 10 10 10 10 10 10 10 10 10 10 10 10 10 11 10 10 10 10 10 10 10 10 10 10 10 11 10 09 09 08 07 06 06 06 06 05 04 03 02 02 01 00
R 09 09 09 09 09 09 09 09 09 09 09 09 09 09 09 09 09 09 09 09 09 09 09 09 09 09 09 09 09 09 09 09 09 09 09 09 09 09 09 09 09 09 09 09 09 10 08 08 07 06 06 06 06 05 05 04 02 02 01 00
S 09 09 09 09 09 09 09 09 09 09 09 09 09 09 09 09 09 09 09 09 09 09 09 09 09 09 09 09 09 09 09 09 09 09 09 09 09 09 09 09 09 09 09 09 09 09 08 08 07 06 06 05 05 06 04 03 02 02 01 00
G 09 09 09 09 09 09 09 09 09 09 09 09 09 09 09 09 09 09 09 09 09 09 09 09 08 08 08 08 08 08 08 09 08 08 08 08 08 08 08 08 08 08 08 09 08 08 09 08 07 06 06 05 05 05 04 03 02 02 01 00
F 08 08 08 08 08 08 09 08 08 08 08 08 08 08 08 08 08 08 08 08 08 08 08 08 09 08 08 08 08 08 08 08 08 08 08 08 08 08 08 07 07 07 07 07 07 07 07 08 08 06 06 05 05 05 04 03 02 02 01 00
Y 07 07 07 07 07 07 07 07 07 07 07 07 07 07 07 07 07 07 07 07 07 07 07 07 07 07 07 07 07 07 07 07 07 07 07 07 07 07 07 08 07 07 07 07 07 06 06 06 06 07 06 05 05 05 04 03 02 02 01 00
R 07 07 07 07 07 07 07 07 07 07 07 07 07 07 07 07 07 07 07 07 07 07 07 07 07 07 07 07 07 07 07 07 06 06 06 06 06 06 06 06 06 06 06 06 06 07 06 06 06 06 06 05 05 05 05 04 02 02 01 00
P 06 06 06 06 06 06 06 06 07 06 06 06 06 06 06 06 06 06 07 06 07 06 06 06 06 06 06 06 06 06 06 06 07 05 05 05 05 05 05 05 05 05 05 05 05 05 05 05 05 05 05 06 05 05 04 03 02 02 01 00
H 05 05 05 05 05 06 05 05 05 05 05 05 05 05 05 05 05 05 05 05 05 05 05 05 05 05 05 05 06 05 05 05 05 06 05 05 05 05 05 05 05 05 05 05 05 05 05 05 05 05 05 05 05 05 04 03 02 02 01 00
D 05 05 05 05 05 05 05 05 05 05 05 05 05 05 05 05 05 05 05 05 05 05 05 05 05 05 05 05 05 05 05 05 05 05 05 05 05 05 05 05 05 05 05 05 05 05 05 05 05 05 05 05 05 05 04 03 02 02 01 01
R 04 04 04 04 04 04 04 04 04 04 04 04 04 04 04 04 04 04 04 04 04 04 04 04 04 04 04 04 04 04 04 04 04 04 04 04 04 04 04 04 04 04 04 04 04 05 04 04 04 04 04 04 04 04 05 04 02 02 01 00
R 04 04 04 04 04 04 04 04 04 04 04 04 04 04 04 04 04 04 04 04 04 04 04 04 04 04 04 04 04 04 04 04 04 04 04 04 03 03 03 03 03 03 03 03 03 04 03 03 03 03 03 03 03 03 04 04 02 02 01 00
E 03 03 03 03 03 03 03 03 03 03 03 03 03 03 03 03 03 04 03 03 03 03 03 03 03 03 03 03 03 03 03 03 03 03 03 03 04 03 03 03 02 02 02 02 03 02 02 02 02 02 02 02 02 02 02 02 03 02 02 00
L 02 02 03 03 02 02 02 03 02 03 03 02 03 03 02 03 02 02 02 02 02 02 02 02 02 02 02 02 02 03 02 02 02 02 03 02 02 02 03 02 03 02 02 02 02 02 02 02 02 02 02 02 02 02 02 02 02 02 01 00
E 01 01 01 01 01 01 01 01 01 01 01 01 01 01 01 01 01 02 01 01 01 01 01 01 01 01 01 01 01 01 01 01 01 01 01 01 02 01 01 01 01 01 01 01 02 01 01 01 01 01 01 01 01 01 01 01 02 01 02 00
D 01 01 01 01 01 01 01 01 01 01 01 01 01 01 01 01 01 01 01 01 01 01 01 01 01 01 01 01 01 01 01 01 01 01 01 01 01 01 01 01 00 00 00 00 00 00 00 00 00 00 00 00 00 00 00 00 00 00 00 01
L 00 00 01 01 00 00 00 01 00 01 01 00 01 01 00 01 00 00 00 00 00 00 00 00 00 00 00 00 00 01 00 00 00 00 01 00 00 00 01 00 01 00 00 00 00 00 00 00 00 00 00 00 00 00 00 00 00 00 00 00
